Sample	FastQC_mqc-generalstats-fastqc-percent_duplicates	FastQC_mqc-generalstats-fastqc-percent_gc	FastQC_mqc-generalstats-fastqc-avg_sequence_length	FastQC_mqc-generalstats-fastqc-percent_fails	FastQC_mqc-generalstats-fastqc-total_sequences
1777-HE-1_AACAGGTT-CTTGGTAT_S336_R1_001_val_1	59.48737823398707	50.0	135.05395243110203	36.36363636363637	9601736.0
1777-HE-1_AACAGGTT-CTTGGTAT_S336_R2_001_val_2	56.31174757636837	49.0	134.94258038338066	27.27272727272727	9601736.0
1777-HE-1_AACGTTCC-AGTACTCC_S356_R1_001_val_1	50.574831729334335	50.0	132.40978192890813	36.36363636363637	6776414.0
1777-HE-1_AACGTTCC-AGTACTCC_S356_R2_001_val_2	45.40966810087945	50.0	130.78750383314832	36.36363636363637	6776414.0
1777-HE-1_AAGATACT-ATGTAAGT_S335_R1_001_val_1	59.72674140738089	49.0	134.49503217811596	36.36363636363637	7946239.0
1777-HE-1_AAGATACT-ATGTAAGT_S335_R2_001_val_2	57.10374287217254	48.0	134.2592819068241	27.27272727272727	7946239.0
1777-HE-1_AAGTCCAA-TACTCATA_S342_R1_001_val_1	58.95708217173092	51.0	132.52492215397578	36.36363636363637	8970593.0
1777-HE-1_AAGTCCAA-TACTCATA_S342_R2_001_val_2	55.04903815900797	50.0	132.55528135096532	27.27272727272727	8970593.0
1777-HE-1_ACGCACCT-CCTTCACC_S353_R1_001_val_1	60.512832928005515	50.0	129.95231012167167	36.36363636363637	7791213.0
1777-HE-1_ACGCACCT-CCTTCACC_S353_R2_001_val_2	57.06819828949189	50.0	129.3453795962195	27.27272727272727	7791213.0
1777-HE-1_AGCCTCAT-TCTCTACT_S334_R1_001_val_1	58.41915409990884	50.0	132.47013408258792	36.36363636363637	8658917.0
1777-HE-1_AGCCTCAT-TCTCTACT_S334_R2_001_val_2	56.267132073219535	50.0	132.013857968612	27.27272727272727	8658917.0
1777-HE-1_AGCTCGCT-GATTCTGC_S349_R1_001_val_1	56.869537562025954	52.0	130.00177105443865	36.36363636363637	10774937.0
1777-HE-1_AGCTCGCT-GATTCTGC_S349_R2_001_val_2	54.18558668131307	51.0	129.7949271536344	27.27272727272727	10774937.0
1777-HE-1_AGGCAGAA-AGAGGATA_S368_R1_001_val_1	49.46982181005358	47.0	122.92069578990233	9.090909090909092	25630783.0
1777-HE-1_AGGCAGAA-AGAGGATA_S368_R2_001_val_2	48.419443013764976	47.0	122.93004895714657	9.090909090909092	25630783.0
1777-HE-1_AGGCAGAA-ATAGAGAG_S362_R1_001_val_1	46.299937714195124	46.0	123.3562447310293	9.090909090909092	25974001.0
1777-HE-1_AGGCAGAA-ATAGAGAG_S362_R2_001_val_2	45.314082473684316	46.0	123.36974784901255	9.090909090909092	25974001.0
1777-HE-1_AGGCAGAA-TCTACTCT_S374_R1_001_val_1	40.62008403434418	49.0	115.10920097137048	9.090909090909092	17261797.0
1777-HE-1_AGGCAGAA-TCTACTCT_S374_R2_001_val_2	40.01510649166639	49.0	115.11720019648013	9.090909090909092	17261797.0
1777-HE-1_AGTACTCC-AACAGGTT_S339_R1_001_val_1	59.08796383193647	51.0	131.71909492682903	36.36363636363637	9441314.0
1777-HE-1_AGTACTCC-AACAGGTT_S339_R2_001_val_2	55.030110798097645	50.0	131.61213057843432	27.27272727272727	9441314.0
1777-HE-1_ATGTAAGT-CATAGAGT_S332_R1_001_val_1	56.85167999907782	49.0	132.61205109310256	36.36363636363637	6821821.0
1777-HE-1_ATGTAAGT-CATAGAGT_S332_R2_001_val_2	51.49040069939297	48.0	132.1304442025084	36.36363636363637	6821821.0
1777-HE-1_CCTTCACC-GGAGCGTC_S350_R1_001_val_1	58.50342849498514	51.0	132.28657102314972	36.36363636363637	8675270.0
1777-HE-1_CCTTCACC-GGAGCGTC_S350_R2_001_val_2	54.08608713957271	51.0	131.89217211683325	27.27272727272727	8675270.0
1777-HE-1_CGTACTAG-AGAGGATA_S367_R1_001_val_1	37.138073054990386	50.0	109.30217911663408	9.090909090909092	20120722.0
1777-HE-1_CGTACTAG-AGAGGATA_S367_R2_001_val_2	36.46468468028679	50.0	109.29819521386956	9.090909090909092	20120722.0
1777-HE-1_CGTACTAG-ATAGAGAG_S361_R1_001_val_1	38.531606303394106	48.0	125.20195314875863	9.090909090909092	11196587.0
1777-HE-1_CGTACTAG-ATAGAGAG_S361_R2_001_val_2	37.954165731682785	48.0	125.21103806008027	9.090909090909092	11196587.0
1777-HE-1_CGTACTAG-TCTACTCT_S373_R1_001_val_1	35.88089440463027	48.0	122.72055017217015	9.090909090909092	11497928.0
1777-HE-1_CGTACTAG-TCTACTCT_S373_R2_001_val_2	35.311466181027626	49.0	122.71383200520998	9.090909090909092	11497928.0
1777-HE-1_CTACGACA-TTGGACTC_S358_R1_001_val_1	49.78010560036462	50.0	136.03183813022548	27.27272727272727	6892553.0
1777-HE-1_CTACGACA-TTGGACTC_S358_R2_001_val_2	43.46362692236456	50.0	134.6947889990835	36.36363636363637	6892553.0
1777-HE-1_CTCTCGTC-AGGTTATA_S343_R1_001_val_1	57.667677432774475	51.0	132.75114479001314	36.36363636363637	8963871.0
1777-HE-1_CTCTCGTC-AGGTTATA_S343_R2_001_val_2	52.78978269456213	50.0	132.67413855018663	27.27272727272727	8963871.0
1777-HE-1_CTGCTTCC-GATCTATC_S340_R1_001_val_1	61.21925223674994	50.0	132.52991556764928	36.36363636363637	9908169.0
1777-HE-1_CTGCTTCC-GATCTATC_S340_R2_001_val_2	57.61775075188465	50.0	132.32340485916217	27.27272727272727	9908169.0
1777-HE-1_CTTGGTAT-GGACTTGG_S333_R1_001_val_1	56.3805892467643	50.0	134.67533601511988	36.36363636363637	7935506.0
1777-HE-1_CTTGGTAT-GGACTTGG_S333_R2_001_val_2	52.39246487262121	49.0	134.44160321975687	27.27272727272727	7935506.0
1777-HE-1_GACGTCTT-GGTGAACC_S351_R1_001_val_1	55.942879512072516	51.0	130.69389032560923	36.36363636363637	7097956.0
1777-HE-1_GACGTCTT-GGTGAACC_S351_R2_001_val_2	52.36974253409926	50.0	130.32247241318487	27.27272727272727	7097956.0
1777-HE-1_GATCTATC-AGCCTCAT_S337_R1_001_val_1	59.57081266584397	50.0	134.0730836898039	36.36363636363637	8556574.0
1777-HE-1_GATCTATC-AGCCTCAT_S337_R2_001_val_2	57.907558111038234	49.0	134.00244151455945	27.27272727272727	8556574.0
1777-HE-1_GATTCTGC-CTCTCGTC_S346_R1_001_val_1	57.981060101204676	50.0	133.9065593898358	36.36363636363637	7377424.0
1777-HE-1_GATTCTGC-CTCTCGTC_S346_R2_001_val_2	52.64373369958163	50.0	133.30382556296072	27.27272727272727	7377424.0
1777-HE-1_GCAATGCA-AACGTTCC_S359_R1_001_val_1	56.35312228358462	51.0	134.72788336346096	36.36363636363637	11410901.0
1777-HE-1_GCAATGCA-AACGTTCC_S359_R2_001_val_2	50.77878560629745	50.0	133.5712736443862	45.45454545454545	11410901.0
1777-HE-1_GCACGGAC-TGCGAGAC_S344_R1_001_val_1	57.76438822143675	51.0	132.7619874960714	36.36363636363637	9055394.0
1777-HE-1_GCACGGAC-TGCGAGAC_S344_R2_001_val_2	54.89565404396545	50.0	132.5735858649552	27.27272727272727	9055394.0
1777-HE-1_GCTTGTCA-GTATGTTC_S354_R1_001_val_1	53.45260777254809	49.0	128.77249719185437	36.36363636363637	8079175.0
1777-HE-1_GCTTGTCA-GTATGTTC_S354_R2_001_val_2	46.90394331817096	48.0	128.8494418056299	36.36363636363637	8079175.0
1777-HE-1_GGACTCCT-AGAGGATA_S370_R1_001_val_1	46.64293443605329	45.0	121.43687590234136	9.090909090909092	31095494.0
1777-HE-1_GGACTCCT-AGAGGATA_S370_R2_001_val_2	45.875377808398056	45.0	121.44371091194114	9.090909090909092	31095494.0
1777-HE-1_GGACTCCT-ATAGAGAG_S364_R1_001_val_1	42.458703561430596	48.0	117.77696638088561	9.090909090909092	16882271.0
1777-HE-1_GGACTCCT-ATAGAGAG_S364_R2_001_val_2	41.661478976122645	48.0	117.8047664914276	9.090909090909092	16882271.0
1777-HE-1_GGACTTGG-CGTCTGCG_S330_R1_001_val_1	57.96010258286896	50.0	128.17829786097414	36.36363636363637	7861990.0
1777-HE-1_GGACTTGG-CGTCTGCG_S330_R2_001_val_2	54.064353192817585	50.0	127.89507414789385	27.27272727272727	7861990.0
1777-HE-1_GGAGCGTC-GCACGGAC_S347_R1_001_val_1	59.7023273886772	50.0	133.23592465399807	36.36363636363637	7476548.0
1777-HE-1_GGAGCGTC-GCACGGAC_S347_R2_001_val_2	55.09012774184869	49.0	132.18680412404228	45.45454545454545	7476548.0
1777-HE-1_GGTGAACC-TCCAACGC_S348_R1_001_val_1	62.84171103026136	49.0	131.6017537710646	36.36363636363637	10419604.0
1777-HE-1_GGTGAACC-TCCAACGC_S348_R2_001_val_2	59.10523711533857	49.0	131.3537703544204	27.27272727272727	10419604.0
1777-HE-1_GTATGTTC-TTCCTGTT_S341_R1_001_val_1	67.83674087498576	50.0	133.13094006293596	36.36363636363637	15659409.0
1777-HE-1_GTATGTTC-TTCCTGTT_S341_R2_001_val_2	63.94217502997932	49.0	133.0911982055006	27.27272727272727	15659409.0
1777-HE-1_TAAGGCGA-AGAGGATA_S366_R1_001_val_1	39.66723303418106	49.0	113.80155061153803	9.090909090909092	19973410.0
1777-HE-1_TAAGGCGA-AGAGGATA_S366_R2_001_val_2	39.014552339211896	50.0	113.80315048857456	9.090909090909092	19973410.0
1777-HE-1_TAAGGCGA-ATAGAGAG_S360_R1_001_val_1	45.02998339582936	48.0	115.54928771856208	9.090909090909092	24460556.0
1777-HE-1_TAAGGCGA-ATAGAGAG_S360_R2_001_val_2	44.31273172714327	48.0	115.5825023764791	9.090909090909092	24460556.0
1777-HE-1_TAAGGCGA-TCTACTCT_S372_R1_001_val_1	43.584561481183115	47.0	127.41781460939558	9.090909090909092	26324484.0
1777-HE-1_TAAGGCGA-TCTACTCT_S372_R2_001_val_2	43.09280465117349	47.0	127.41930675640214	9.090909090909092	26324484.0
1777-HE-1_TAGGCATG-AGAGGATA_S371_R1_001_val_1	48.18912125695943	46.0	124.11161764767634	9.090909090909092	27625076.0
1777-HE-1_TAGGCATG-AGAGGATA_S371_R2_001_val_2	47.34593177987975	46.0	124.11893661396624	9.090909090909092	27625076.0
1777-HE-1_TAGGCATG-ATAGAGAG_S365_R1_001_val_1	29.517435353706546	47.0	122.51780753631667	9.090909090909092	5320079.0
1777-HE-1_TAGGCATG-ATAGAGAG_S365_R2_001_val_2	28.653102824084186	47.0	122.52945379194557	9.090909090909092	5320079.0
1777-HE-1_TCATCCTT-AGCTCGCT_S352_R1_001_val_1	57.91331971160988	51.0	131.8056324536675	36.36363636363637	9700426.0
1777-HE-1_TCATCCTT-AGCTCGCT_S352_R2_001_val_2	54.62637440217208	50.0	131.51983335577222	27.27272727272727	9700426.0
1777-HE-1_TCCAACGC-AAGTCCAA_S345_R1_001_val_1	57.87125610640526	50.0	123.83031113059093	36.36363636363637	9418296.0
1777-HE-1_TCCAACGC-AAGTCCAA_S345_R2_001_val_2	54.202843509528	49.0	124.14291077706625	27.27272727272727	9418296.0
1777-HE-1_TCCTGAGC-AGAGGATA_S369_R1_001_val_1	45.72360566723963	45.0	120.23450903978386	9.090909090909092	27799116.0
1777-HE-1_TCCTGAGC-AGAGGATA_S369_R2_001_val_2	45.00522590035185	45.0	120.2644097387845	9.090909090909092	27799116.0
1777-HE-1_TCCTGAGC-ATAGAGAG_S363_R1_001_val_1	22.20648810515587	47.0	121.29436519637508	9.090909090909092	4155797.0
1777-HE-1_TCCTGAGC-ATAGAGAG_S363_R2_001_val_2	21.29103993094644	47.0	121.25275031480123	0.0	4155797.0
1777-HE-1_TCTCTACT-GAACCGCG_S331_R1_001_val_1	54.35316700425846	50.0	132.46553660980095	36.36363636363637	7027080.0
1777-HE-1_TCTCTACT-GAACCGCG_S331_R2_001_val_2	51.41060009501238	50.0	132.09841100428628	27.27272727272727	7027080.0
1777-HE-1_TTACAGGA-GCTTGTCA_S357_R1_001_val_1	57.41509954207261	50.0	129.29980923811914	36.36363636363637	8451374.0
1777-HE-1_TTACAGGA-GCTTGTCA_S357_R2_001_val_2	50.75858836638966	49.0	128.9602559299825	45.45454545454545	8451374.0
1777-HE-1_TTCCTGTT-AAGATACT_S338_R1_001_val_1	61.04572980020224	50.0	131.4871184991677	36.36363636363637	11842176.0
1777-HE-1_TTCCTGTT-AAGATACT_S338_R2_001_val_2	58.545656350157046	49.0	131.36384233775954	27.27272727272727	11842176.0
1777-HE-1_TTGGACTC-CTGCTTCC_S355_R1_001_val_1	21.555769850130872	50.0	133.63879971660728	18.181818181818183	294997.0
1777-HE-1_TTGGACTC-CTGCTTCC_S355_R2_001_val_2	20.61841805423353	50.0	132.55329376230944	36.36363636363637	294997.0
